4194.21
3252.66
1811.39
3700.48
4472.71
2583.18
4096.09
3493.47
1933.44
3648.13
4946.85
1334.41
3947.42
1241.98
1115.44
2299.30
1941.67
3567.51
3385.18
2643.16
2204.92
4148.44
1368.66
2898.18
4358.74
2915.98
1334.71
2831.77
4843.20
1267.40
4885.23
2311.56
2287.18
1269.50
4605.68
264.53
3693.15
2422.09
1741.39
1074.76
3406.42
1645.67
4393.74
1002.66
2415.06
4614.36
1487.87
3179.22
738.97
184.96
3337.17
4350.07
1049.63
4066.03
1922.67
1924.62
390.62
949.56
525.23
3714.09
3234.56
3973.74
138.44
691.11
3344.50
1928.66
4077.70
2784.06
1980.56
3269.41
1731.67
4917.39
119.00
1260.22
2675.02
2913.88
2817.26
699.63
3667.12
4889.57
2797.67
4066.33
3868.45
920.85
991.44
4415.88
4712.03
3252.51
1704.00
493.07
1934.79
2199.68
938.05
2971.32
4230.26
3924.54
3557.34
3177.88
2708.07
141.88
4505.62
641.60
4039.41
1625.93
4076.20
2009.73
2462.63
277.54
2244.85
4350.81
3528.47
1424.90
2854.35
2821.15
4166.39
919.50
2069.85
1403.81
2740.38
4590.28
1695.33
2978.80
2491.49
3827.31
2166.92
1549.49
3616.42
4857.86
1108.11
1892.91
1292.53
978.43
1275.63
1235.99
4501.73
4914.10
4768.57
2339.53
4743.59
1159.56
2231.09
2392.48
2614.59
4086.67
2537.56
2591.56
1734.07
3260.59
3865.01
2415.96
4480.94
1349.22
652.82
3865.60
2340.28
4486.92
872.39
4376.09
222.50
3841.22
1071.47
3679.54
3843.17
4284.85
1443.15
3325.65
4622.58
1692.78
3480.01
4524.62
3919.45
3977.04
3848.85
2632.24
3233.37
2274.62
565.62
3545.97
2191.45
2110.98
596.13
1513.90
4468.68
1346.38
856.08
2441.84
4842.16
221.45
348.59
2793.93
1640.43
3829.26
711.00
3269.56
2885.02
4304.45
3899.11
1661.37
1771.01
1081.04
3485.69
4866.09
2508.69
2398.76
2811.13
4453.87
3557.79
2695.51
2549.23
4781.28
4573.08
1592.72
726.70
3939.94
2905.96
299.38
1674.39
1824.41
1871.52
1930.30
3430.20
4227.72
1524.96
577.73
4182.25
4124.51
3961.63
334.98
2173.51
2174.70
3883.55
4999.21
249.27
3494.67
1345.48
4950.44
4173.27
3718.43
2526.49
4857.41
1386.76
4321.65
1327.38
1080.14
2457.99
1610.97
760.96
1430.44
4468.23
4058.25
3222.00
1061.59
2690.27
2777.18
4098.64
2248.44
2928.69
3732.79
1129.80
1629.52
4040.45
2372.88
4959.57
3268.22
1027.94
4369.51
4480.04
706.06
2729.01
2566.58
4744.93
1069.97
1769.96
4020.86
2822.50
100.60
3532.36
2526.34
4668.20
763.50
2786.90
314.04
2299.44
3920.35
4945.51
3722.91
4547.95
4903.18
186.90
3411.96
1464.99
2890.70
2111.28
1142.21
4665.06
3015.89
366.69
575.94
4476.00
3398.79
2615.04
4517.59
881.36
950.31
579.53
4660.13
3038.78
3235.61
1232.25
1359.84
2424.34
1827.25
1973.23
294.44
627.09
2260.56
1849.83
3921.25
3725.76
2307.07
1184.69
3407.02
555.00
3875.78
3241.00
3648.13
3432.30
4171.78
4603.59
3731.14
2013.91
2408.93
2607.11
4666.41
1973.83
2015.11
1588.23
1047.38
4073.51
516.56
2183.23
3966.57
2195.64
951.66
4459.70
2828.18
2944.55
2693.71
4202.44
1607.38
3251.32
630.53
3338.67
2891.30
2106.05
4495.00
4022.95
1731.07
2458.74
4367.87
2463.37
4776.19
991.15
1973.68
1021.66
4388.21
222.05
4385.66
757.37
1622.34
1438.51
1732.72
2748.76
2876.19
3112.51
1971.88
4867.88
770.53
2504.21
2181.28
2738.14
1296.12
607.79
3746.85
1155.52
4866.98
3237.85
4811.64
591.19
3313.84
3708.26
3839.73
4266.46
3381.89
3620.16
1582.10
616.92
1534.84
3294.84
983.97
941.04
3949.81
3664.13
2122.95
3734.13
1799.28
169.40
1524.22
4711.13
608.24
676.45
2739.93
2435.85
3979.13
3847.36
3429.90
935.06
1462.00
4286.50
141.13
3323.41
2993.75
107.48
525.68
2719.89
3048.20
626.34
876.27
3691.35
238.35
4923.37
2039.49
2082.87
4522.67
2892.49
1980.41
584.16
923.69
3830.46
3750.14
2593.35
2854.35
2047.42
1637.59
2914.03
2224.81
2182.78
3858.87
1165.99
3336.27
3903.60
655.66
2533.37
1647.91
4954.33
4770.21
2323.82
1301.80
654.91
4552.88
2281.80
1107.51
4505.62
781.00
1216.70
3662.79
4284.25
1751.12
2987.32
1815.73
819.59
691.11
4010.39
2049.21
4617.80
1196.81
3331.34
4683.01
296.09
2015.26
2328.31
473.63
3956.99
1976.97
2778.82
1531.85
2905.06
114.51
4668.65
4399.57
863.86
2758.03
2669.18
1228.96
2205.66
2842.99
2268.33
619.91
1513.45
2035.00
568.16
2929.02
3132.71
1696.07
1745.43
1462.74
4703.35
3893.43
2387.09
1777.59
3635.41
2384.55
1991.63
1389.75
4629.76
4780.98
3257.00
1378.39
3887.44
2110.24
3533.26
2822.79
1627.87
494.72
872.39
3968.51
3854.54
1760.69
1352.51
3373.96
1272.19
3584.41
2096.33
2455.60
3926.33
4014.13
375.66
3293.35
1836.07
2554.01
3222.45
4915.30
3711.25
2254.57
4617.95
3726.50
4420.07
4995.91
2705.38
1298.81
3892.08
4407.35
4490.06
684.08
1636.69
2918.97
2253.23
4268.25
1345.03
3474.63
1476.20
4129.30
3667.12
2403.99
1178.71
2425.98
2024.38
2596.79
1567.74
3765.69
3665.93
4861.60
3617.62
2376.03
2601.58
1516.14
1957.08
4053.17
141.73
3604.00
4303.40
2782.86
4575.92
3259.24
399.14
1024.05
2796.47
636.36
1911.91
3349.88
2040.09
1826.50
2736.49
3820.43
2218.83
4454.17
764.69
4609.12
1917.59
4801.77
4078.59
2933.48
1454.07
3949.22
893.48
3422.28
3151.10
2664.10
2453.05
2768.05
1626.67
1740.95
968.26
3797.55
3460.87
2424.49
815.25
909.63
427.41
4010.39
4290.99
3813.55
4265.56
3063.16
2320.09
2309.91
3466.40
1144.31
3344.50
2760.12
3961.33
986.21
3754.77
4679.87
4381.92
2905.06
1713.72
3991.69
4068.42
994.88
1837.72
4098.94
2319.04
695.44
4763.03
3688.51
3736.08
3364.09
2580.49
1237.19
2868.26
3953.25
3572.00
4736.71
2211.95
1332.62
4306.09
3288.86
2462.33
3642.44
1146.10
1814.83
4375.64
3714.84
3335.23
2013.17
341.41
4970.79
2480.43
1400.37
4828.54
4210.81
2735.15
1398.73
3780.35
1909.21
2784.65
3179.37
4454.92
340.36
4528.21
1830.99
2069.85
1332.47
3278.39
1674.09
638.16
3188.20
4962.56
4475.71
2376.03
3664.28
642.05
3186.55
146.22
3651.27
2648.99
1573.13
4946.56
3738.77
4037.01
4145.15
770.53
3013.20
4859.51
1651.80
986.06
2076.13
1275.93
4372.65
535.40
4922.92
2581.84
1442.70
3001.53
2069.70
1573.73
1361.18
167.61
3083.80
2548.33
2516.17
4692.58
2881.88
2943.95
4765.43
3728.30
3864.41
3515.91
4026.24
2719.59
2756.68
1866.59
2496.88
2703.14
509.68
113.46
968.11
1930.75
2944.69
1118.58
947.02
2365.11
1878.40
4457.91
2653.63
4046.74
2437.80
1062.79
2109.64
2189.51
2978.35
2214.64
2786.75
4311.03
3119.69
3802.49
919.50
3837.04
224.89
4845.89
4065.73
1004.01
824.37
794.61
2807.84
2596.04
2411.32
1995.67
4187.78
3121.34
1514.64
2735.00
2662.60
1492.66
3082.75
259.59
2071.20
1904.13
3763.60
3891.03
3609.69
3957.74
2533.22
1301.66
4690.04
4247.91
1454.52
3410.61
2098.12
4656.84
1009.54
2638.82
213.82
557.39
1796.14
286.52
3006.92
2987.47
2329.81
1489.82
375.36
4281.56
4742.09
1187.08
1053.97
4935.94
3411.06
1685.90
132.46
1389.90
2626.26
1942.27
2028.42
3491.83
4013.38
4041.50
1655.99
933.71
4918.74
1501.48
525.08
1335.61
2395.32
4688.10
4624.08
451.94
4778.14
4249.11
2401.45
2279.70
1381.53
1373.15
2029.17
3450.25
130.81
879.27
3736.97
873.88
341.86
2822.05
1103.02
734.18
659.10
1343.98
4714.12
4478.55
2485.51
1954.08
745.40
3817.89
1093.15
2249.64
4505.62
4490.36
3162.77
1173.32
3872.34
2977.15
4128.40
1426.10
1676.78
4542.56
3286.47
1512.85
970.35
1882.59
4745.53
855.48
101.94
2757.43
3760.46
4645.62
3275.25
1383.77
4549.59
2863.18
788.93
1568.19
520.89
3254.01
3045.81
1060.40
2217.33
4469.57
4118.83
998.47
4696.32
3869.94
3066.45
3835.99
4160.71
4607.63
2897.28
4808.65
4566.20
3767.34
2651.83
4050.03
1495.35
4601.35
521.79
296.99
1649.41
323.16
3869.79
3100.55
1533.94
1906.37
357.56
4879.70
3294.84
3443.22
3671.91
3642.15
1079.69
1614.71
624.99
3008.86
1182.15
2038.89
1341.44
1947.80
4440.71
1618.60
4604.04
3778.40
4346.33
2183.53
1652.10
2937.37
2849.72
439.68
2044.58
3573.79
4199.90
4616.60
3935.90
3961.63
3507.53
3222.60
200.36
792.96
3882.66
4916.04
1566.99
1254.69
423.82
1382.72
1563.55
3831.05
4113.00
1635.35
1661.37
4349.77
4687.05
4330.17
1816.03
2917.47
4355.45
2601.88
1279.37
4547.50
1826.80
739.27
3096.81
3830.16
4602.39
4872.22
3450.84
359.21
2913.58
1299.26
3376.81
958.84
2864.82
2255.62
4404.66
1509.41
3146.77
1209.22
1149.09
2442.43
3079.91
803.43
1016.57
1690.69
4771.71
4549.59
732.39
4457.31
4025.65
3051.79
3770.33
3396.70
1400.07
2706.28
3483.45
2876.34
3552.10
64.00
107.00
112.00
